1        460
2        608
3        642
4        836
5        480
6        636
7        484
8        468
9        205
10       384
11       736
12       352
13       840
14       352
15       576
16       480
17       516
18       576
19       294
20       853
21       280
22       534
23       572
24       270
25       890
26       576
27       772
28       319
29       240
30       250
31       271
32       484
33       447
34       556
35       691
36       672
37       498
38       246
39         0
40       440
41       308
42       504
43       308
44       300
45       576
46       670
47       826
48         0
49       386
50       388
51       528
52       516
53       894
54       572
55       576
56       480
57       565
58       641
59       352
60       576
61       288
62       484
63       480
64       645
65       852
66       576
67       558
68       220
69       667
70       516
71       360
72       427
73       490
74       379
75       297
76       283
77       240
78         0
79       440
80       509
81       405
82       758
83       461
84       400
85       462
86       400
87       528
88         0
89         0
90       420
91       480
92       432
93       506
94       684
95       420
96       472
97       432
98       366
99         0
100      480
101      476
102      410
103      740
104      240
105      648
106      273
107      250
108        0
109      546
110      325
111      400
112      792
113      450
114      180
115      440
116      288
117      430
118      594
119      390
120      540
121      264
122      288
123      530
124      435
125        0
126      440
127        0
128      453
129      750
130      487
131      390
132      624
133      471
134      440
135      530
136      318
137      766
138      660
139      470
140        0
141      660
142      720
143      577
144      504
145      380
146      180
147      434
148        0
149      240
150      440
151      866
152      495
153      564
154      312
155        0
156      625
157      680
158      678
159      576
160      516
161      726
162      532
163        0
164      216
165        0
166      303
167      789
168      440
169      511
170      660
171      528
172      504
173      504
174      616
175      576
176      521
177      451
178     1166
179      480
180      440
181      216
182      252
183      484
184      576
185      840
186      497
187      180
188      528
189      682
190      440
191      484
192      666
193      380
194      352
195      440
196      786
197      795
198        0
199      856
200      440
201      473
202      398
203      420
204      240
205      500
206      349
207      312
208      454
209      504
210        0
211      460
212      644
213      576
214      299
215      447
216      484
217      210
218      431
219      438
220      675
221      390
222      434
223      576
224      968
225      280
226      721
227      280
228      336
229      430
230      312
231      810
232      288
233      308
234      440
235      264
236      494
237      457
238      818
239      220
240      750
241        0
242      352
243      288
244      463
245      604
246      440
247      451
248      500
249      389
250        0
251      538
252      520
253      309
254      294
255      429
256      673
257      660
258      564
259      308
260      884
261      868
262      492
263      484
264      504
265      576
266      413
267      240
268      924
269      504
270     1053
271      439
272      671
273      338
274      264
275      672
276      573
277      400
278      732
279      505
280      575
281      572
282      626
283      898
284      529
285      528
286      440
287        0
288      280
289      384
290      685
291        0
292      281
293      539
294      418
295      588
296      282
297      576
298      539
299      300
300      375
301      683
302      843
303      552
304      870
305      888
306      746
307        0
308      539
309      708
310      420
311      240
312      410
313      513
314      546
315      432
316      484
317     1025
318      656
319      588
320      840
321      872
322      576
323      220
324      564
325      360
326      473
327      292
328      441
329      189
330      352
331      308
332      880
333      484
334      472
335      529
336      676
337      532
338      440
339      297
340      431
341      294
342      400
343      564
344      336
345      312
346      301
347      498
348      474
349      706
350      617
351      445
352      200
353      484
354      240
355      521
356      400
357      528
358      288
359      592
360      470
361      240
362      672
363      264
364      566
365      468
366      514
367      296
368      244
369      576
370      460
371      680
372      264
373      270
374      434
375        0
376      576
377      610
378      834
379      463
380      308
381      572
382      639
383      360
384      501
385      430
386        0
387      352
388      577
389      846
390      384
391      560
392      294
393        0
394      240
395      596
396      600
397      264
398      338
399      438
400      500
401      400
402      240
403      420
404      373
405      490
406      240
407      308
408      947
409      836
410      350
411      572
412      484
413      360
414      678
415      396
416      440
417      864
418      240
419      304
420      784
421      529
422      520
423      696
424      297
425      240
426      569
427      352
428      628
429      576
430      264
431        0
432      440
433      470
434        0
435      550
436      440
437      180
438      352
439      528
440      672
441        0
442      360
443      648
444      493
445      480
446      578
447      431
448      198
449      308
450      270
451      576
452      422
453      676
454      560
455      528
456      513
457      529
458      228
459      352
460      552
461      576
462      360
463      240
464        0
465      398
466      526
467      312
468      866
469      506
470      528
471      534
472      525
473      908
474      499
475      624
476      508
477      694
478      826
479      672
480      772
481      874
482      164
483      402
484      264
485      264
486      515
487      487
488      520
489      286
490      336
491      240
492      429
493      308
494      273
495        0
496      546
497      240
498      288
499      297
500      264
501      603
502      461
503      484
504      440
505      400
506      471
507      676
508      360
509      270
510      288
511      474
512      624
513      484
514      200
515      900
516      583
517      889
518      546
519      282
520        0
521      336
522      420
523      884
524      834
525      453
526      252
527      858
528        0
529      484
530      600
531      502
532      392
533        0
534      403
535        0
536      527
537      576
538      336
539      670
540      765
541      648
542      583
543      367
544      426
545      786
546      440
547      624
548      720
549      615
550      440
551      288
552      908
553      520
554      871
555      280
556      299
557      570
558      406
559      420
560      528
561      418
562        0
563      396
564      590
565      216
566      656
567      532
568      612
569      600
570      576
571      288
572      650
573      400
574      288
575      336
576      216
577      564
578      540
579      352
580      572
581     1390
582        0
583      880
584      240
585      880
586      275
587      528
588      452
589      308
590      520
591      842
592      816
593      420
594      280
595      758
596      216
597      648
598      621
599      452
600      736
601      544
602      506
603      480
604      530
605      486
606      576
607      230
608      380
609      261
610      736
611      564
612      531
613        0
614        0
615      480
616      393
617      528
618      774
619      749
620        0
621      624
622      484
623      440
624      484
625      440
626      286
627      364
628      504
629      520
630      240
631      627
632      544
633      260
634      576
635        0
636        0
637      256
638        0
639      648
640      588
641      650
642      538
643      462
644      478
645      576
646      420
647      495
648      442
649        0
650      562
651      296
652      512
653      216
654      839
655      264
656      312
657      270
658      330
659      480
660      550
661      711
662      576
663      588
664     1134
665      504
666      596
667      575
668      576
669      252
670      540
671      300
672      546
673      416
674      384
675      440
676      779
677      240
678      834
679      572
680      264
681      281
682      431
683      702
684      486
685      577
686      578
687      480
688      567
689      460
690      420
691      832
692      628
693      326
694      576
695      551
696      205
697      308
698      336
699      530
700      765
701      528
702      666
703      672
704      606
705        0
706      739
707      550
708      400
709      408
710        0
711      384
712      472
713      576
714      475
715      478
716      704
717      439
718      983
719      300
720      564
721      420
722      463
723      548
724      768
725      660
726      540
727      632
728      888
729      539
730      608
731      438
732      541
733      264
734      300
735      320
736      400
737      800
738        0
739      572
740      360
741      288
742      539
743      480
744      462
745      831
746      554
747      864
748      527
749      240
750        0
751      400
752      576
753      878
754      440
755      440
756      578
757      440
758      440
759      752
760      300
761      440
762      614
763      856
764      481
765      592
766      496
767      423
768      484
769      841
770      576
771      396
772      672
773      275
774      895
775      412
776      865
777      440
778      630
779      504
780      402
781      484
782      605
783      602
784        0
785      457
786      416
787      618
788      281
789      444
790      397
791      539
792      455
793      474
794      409
795      476
796      528
797      240
798      820
799      240
800      603
801      440
802      410
803     1020
804      286
805      554
806      384
807      528
808      484
809      360
810      484
811      420
812      504
813      301
814      280
815      598
816      275
817      857
818      440
819      484
820      595
821      576
822      433
823      240
824      776
825     1220
826        0
827      527
828      538
829      480
830      458
831      480
832      613
833      472
834      456
835      436
836      812
837      264
838      352
839      240
840      400
841      686
842      490
843        0
844      720
845      611
846      425
847      338
848      360
849      512
850      420
851      400
852      240
853      645
854      454
855      260
856      576
857      343
858      479
859      619
860      216
861      504
862      480
863      672
864      529
865      902
866      870
867      544
868      672
869      574
870      308
871      523
872      414
873      288
874      200
875      550
876      648
877      738
878      576
879      336
880      450
881      400
882      389
883      440
884      288
885      506
886      588
887      300
888      621
889      505
890      576
891      440
892      264
893      354
894      400
895      483
896      327
897      528
898      820
899      288
900      684
901      756
902      393
903      690
904      288
905      280
906      865
907      180
908      484
909      390
910      480
911      252
912      450
913      871
914      528
915      286
916      308
917      284
918      833
919      601
920      471
921        0
922      397
923      533
924      612
925      540
926      656
927      486
928      522
929      642
930      610
931      429
932      788
933      570
934      505
935      528
936      555
937      689
938      868
939      349
940      574
941      390
942        0
943      576
944      525
945      456
946      796
947      808
948      474
949      676
950      720
951      300
952      396
953      530
954        0
955      492
956      462
957      576
958      531
959      484
960        0
961      619
962      440
963      702
964      510
965      393
966      256
967      260
968        0
969      264
970        0
971      474
972      264
973      480
974      532
975      490
976        0
977      569
978      400
979      480
980      588
981      676
982      388
983      779
984      539
985      240
986      255
987      606
988      551
989      614
990      870
991      424
992      440
993      564
994      786
995      305
996      368
997      615
998      210
999      632
1000     528
1001     216
1002     824
1003     528
1004     457
1005     328
1006     484
1007     286
1008     550
1009       0
1010     312
1011       0
1012     180
1013     280
1014     240
1015     528
1016     478
1017     565
1018     402
1019     440
1020     451
1021     632
1022     160
1023     437
1024     665
1025     461
1026     461
1027     800
1028     240
1029     264
1030       0
1031     672
1032     796
1033     900
1034     240
1035     290
1036     912
1037     905
1038       0
1039     286
1040     484
1041     484
1042     624
1043     514
1044     542
1045     452
1046     716
1047     672
1048     336
1049     308
1050     436
1051     440
1052     540
1053     364
1054     586
1055     478
1056     484
1057     467
1058     836
1059     432
1060     582
1061    1248
1062     560
1063     440
1064     480
1065     533
1066     380
1067     442
1068     576
1069     576
1070     286
1071     441
1072     280
1073     440
1074     826
1075     240
1076     566
1077     299
1078     420
1079     299
1080     528
1081     308
1082     527
1083     461
1084     409
1085     564
1086     286
1087    1043
1088     380
1089     550
1090     400
1091     462
1092     576
1093     884
1094     308
1095     440
1096       0
1097     461
1098     240
1099     478
1100     246
1101     280
1102     254
1103     539
1104     440
1105     712
1106     719
1107     422
1108     463
1109     862
1110     431
1111     483
1112     308
1113     240
1114     326
1115     928
1116     527
1117     450
1118     300
1119     286
1120     308
1121     782
1122     288
1123       0
1124     392
1125     672
1126     660
1127     630
1128     434
1129     672
1130     576
1131       0
1132     205
1133     466
1134     460
1135     180
1136     288
1137       0
1138     714
1139     495
1140     840
1141     484
1142    1052
1143       0
1144     280
1145     225
1146     403
1147     234
1148     288
1149     324
1150     306
1151     528
1152     470
1153     432
1154     492
1155     528
1156     502
1157     626
1158     830
1159     540
1160     440
1161     924
1162     450
1163     400
1164     588
1165     644
1166     776
1167     472
1168     540
1169     807
1170     358
1171     433
1172     625
1173       0
1174     360
1175     541
1176     264
1177     210
1178     186
1179       0
1180     693
1181     482
1182     813
1183     720
1184     995
1185     392
1186     420
1187     757
1188     493
1189     442
1190    1356
1191     492
1192     250
1193     402
1194     299
1195     400
1196     660
1197     225
1198     573
1199     459
1200     280
1201     546
1202     216
1203     451
1204     495
1205     701
1206     384
1207     544
1208     506
1209     500
1210     462
1211     492
1212     234
1213     364
1214     300
1215     384
1216     539
1217     552
1218       0
1219       0
1220     288
1221     322
1222     315
1223     528
1224     388
1225     264
1226     668
1227     576
1228    1052
1229     404
1230     600
1231     540
1232     462
1233     531
1234       0
1235     180
1236     474
1237     434
1238     484
1239     472
1240     543
1241     954
1242     528
1243     850
1244     400
1245     477
1246     615
1247     888
1248     396
1249     276
1250     522
1251     478
1252     288
1253     518
1254     397
1255     560
1256     691
1257       0
1258     400
1259     460
1260     502
1261     338
1262     304
1263     520
1264     511
1265     506
1266     308
1267     746
1268    1014
1269     315
1270     586
1271     462
1272     288
1273     312
1274     552
1275     400
1276     497
1277     480
1278     577
1279     528
1280     544
1281     484
1282     484
1283       0
1284     336
1285     280
1286     528
1287     390
1288     499
1289     753
1290     484
1291     264
1292     432
1293     528
1294     572
1295     288
1296     525
1297     525
1298    1418
1299     305
1300     490
1301     213
1302     844
1303     834
1304     380
1305     840
1306     474
1307     480
1308     528
1309     496
1310     567
1311     508
1312     750
1313     779
1314     280
1315     576
1316     860
1317     466
1318     748
1319     248
1320     442
1321     287
1322     564
1323       0
1324     895
1325       0
1326       0
1327     264
1328     520
1329     462
1330     825
1331     576
1332     288
1333     297
1334     440
1335     630
1336     506
1337       0
1338     492
1339     288
1340     480
1341     576
1342     647
1343     342
1344     440
1345     308
1346     508
1347     712
1348     514
1349       0
1350     968
1351     490
1352     624
1353     666
1354     839
1355     487
1356     264
1357     500
1358     440
1359     770
1360     621
1361     430
1362     368
1363     432
1364     480
1365     663
1366     588
1367     336
1368     420
1369     502
1370     338
1371     377
1372     583
1373     804
1374     936
1375     722
1376     160
1377     660
1378     264
1379     400
1380     200
1381     550
1382     576
1383     576
1384     280
1385     240
1386     564
1387     216
1388     758
1389     440
1390     541
1391     792
1392     288
1393     672
1394     648
1395     642
1396     572
1397     180
1398     240
1399     216
1400     208
1401     398
1402     662
1403     754
1404     936
1405     482
1406     396
1407       0
1408     528
1409     542
1410     622
1411     271
1412     420
1413     620
1414     370
1415     660
1416     560
1417    1069
1418     336
1419     540
1420     776
1421     440
1422     420
1423     432
1424     484
1425     528
1426     525
1427     288
1428     240
1429     467
1430     372
1431     440
1432     216
1433     451
1434     484
1435     462
1436     528
1437     774
1438     923
1439     550
1440     672
1441     420
1442     812
1443     192
1444     626
1445     240
1446     312
1447     556
1448     384
1449       0
1450       0
1451     840
1452     525
1453       0
1454     400
1455     460
1456     500
1457     252
1458     240
1459     276
